 500     7000
   0.854823E+00   0.905506E+00   0.233098E+01   0.467559E+00   0.303047E+01   0.326333E+01   0.403994E+01   0.375434E+01   0.393873E+01
   0.528962E+01   0.639347E+01   0.463697E+01   0.703989E+01   0.751097E+01   0.807991E+01   0.706188E+01   0.803701E+01   0.881804E+01
   0.914449E+01   0.843669E+01   0.108122E+01   0.167373E+01   0.182842E+01   0.189031E+00   0.282449E+01   0.299218E+01   0.341020E+01
   0.216316E+01   0.375464E+01   0.538149E+01   0.596980E+01   0.454815E+01   0.639120E+01   0.728758E+01   0.701712E+01   0.655114E+01
   0.860727E+01   0.936084E+01   0.908533E+01   0.810600E+01   0.116918E+01   0.168420E+01   0.190882E+01   0.700902E+00   0.286422E+01
   0.379932E+01   0.330249E+01   0.266308E+01   0.455140E+01   0.556981E+01   0.560535E+01   0.443262E+01   0.623475E+01   0.759148E+01
   0.669240E+01   0.676466E+01   0.730010E+01   0.100366E+02   0.910853E+01   0.812397E+01   0.638337E+00   0.209766E+01   0.173562E+01
   0.897799E+00   0.279994E+01   0.306591E+01   0.286301E+01   0.262032E+01   0.403420E+01   0.636071E+01   0.454061E+01   0.446272E+01
   0.744020E+01   0.697564E+01   0.810189E+01   0.737787E+01   0.941937E+01   0.955610E+01   0.939325E+01   0.871826E+01   0.131717E+01
   0.183938E+01   0.182095E+01   0.564751E+00   0.290322E+01   0.335024E+01   0.384233E+01   0.266138E+01   0.447202E+01   0.517155E+01
   0.498713E+01   0.512657E+01   0.682637E+01   0.828073E+01   0.749541E+01   0.624174E+01   0.940779E+01   0.974022E+01   0.981824E+01
   0.876436E+01  -0.257460E+00   0.624568E+00   0.185739E+01  -0.344007E-01   0.286069E+01   0.366688E+01   0.315554E+01   0.257741E+01
   0.507116E+01   0.568182E+01   0.523066E+01   0.439068E+01   0.705759E+01   0.730257E+01   0.683182E+01   0.659385E+01   0.886307E+01
   0.920706E+01   0.925126E+01   0.817605E+01   0.971834E+00   0.108286E+01   0.146310E+01   0.281996E-01   0.333738E+01   0.431360E+01
   0.377498E+01   0.192536E+01   0.473607E+01   0.492368E+01   0.584825E+01   0.507420E+01   0.651692E+01   0.732123E+01   0.743454E+01
   0.579551E+01   0.819387E+01   0.900191E+01   0.829895E+01   0.920357E+01  -0.436129E+00   0.153775E+01   0.149753E+01  -0.498868E+00
   0.241030E+01   0.287833E+01   0.376932E+01   0.232736E+01   0.406968E+01   0.567901E+01   0.462075E+01   0.404731E+01   0.676846E+01
   0.748199E+01   0.719065E+01   0.687694E+01   0.780611E+01   0.900375E+01   0.991117E+01   0.876780E+01   0.161696E+01   0.151936E+01
   0.130581E+01   0.546827E+00   0.265769E+01   0.348767E+01   0.338893E+01   0.218381E+01   0.365914E+01   0.597552E+01   0.532591E+01
   0.446804E+01   0.695554E+01   0.774956E+01   0.785214E+01   0.672757E+01   0.853158E+01   0.104125E+02   0.995587E+01   0.971088E+01
   0.435655E+00   0.146316E+01   0.154438E+01   0.117511E+01   0.243439E+01   0.431619E+01   0.375201E+01   0.235638E+01   0.415992E+01
   0.606090E+01   0.570193E+01   0.514508E+01   0.698455E+01   0.674940E+01   0.718859E+01   0.593733E+01   0.887327E+01   0.105921E+02
   0.958006E+01   0.832900E+01   0.399210E+00   0.536416E+00   0.134731E+01   0.766897E+00   0.286693E+01   0.438821E+01   0.401364E+01
   0.243599E+01   0.462193E+01   0.535308E+01   0.558202E+01   0.474595E+01   0.551181E+01   0.756257E+01   0.653350E+01   0.550051E+01
   0.831536E+01   0.919376E+01   0.970371E+01   0.822815E+01   0.106196E+01   0.126775E+01   0.142243E+01   0.658377E+00   0.233042E+01
   0.312116E+01   0.353327E+01   0.300207E+01   0.522989E+01   0.532211E+01   0.627087E+01   0.415286E+01   0.763732E+01   0.841119E+01
   0.763548E+01   0.669620E+01   0.841005E+01   0.980060E+01   0.916753E+01   0.998026E+01   0.127600E+01   0.140570E+01   0.186433E+01
   0.685271E+00   0.234090E+01   0.314737E+01   0.318082E+01   0.218479E+01   0.406334E+01   0.560650E+01   0.499808E+01   0.402159E+01
   0.670456E+01   0.758627E+01   0.751156E+01   0.633844E+01   0.802644E+01   0.883686E+01   0.902503E+01   0.764606E+01   0.784570E+00
   0.546357E+00   0.193142E+01   0.688606E+00   0.255014E+01   0.324486E+01   0.327588E+01   0.178872E+01   0.437827E+01   0.569064E+01
   0.536959E+01   0.372162E+01   0.651074E+01   0.778148E+01   0.698069E+01   0.694087E+01   0.849447E+01   0.997579E+01   0.961733E+01
   0.854010E+01   0.223097E+00   0.129902E+01   0.136763E+01   0.769816E-01   0.236858E+01   0.383435E+01   0.263765E+01   0.350437E+01
   0.436205E+01   0.496493E+01   0.443050E+01   0.402499E+01   0.601558E+01   0.690456E+01   0.748384E+01   0.560857E+01   0.881649E+01
   0.939729E+01   0.101612E+02   0.710065E+01   0.226041E+01   0.166007E+01   0.598520E+00  -0.145020E+00   0.276460E+01   0.383280E+01
   0.322419E+01   0.234116E+01   0.420472E+01   0.506831E+01   0.545600E+01   0.407967E+01   0.642209E+01   0.769241E+01   0.762064E+01
   0.629006E+01   0.880840E+01   0.938720E+01   0.833848E+01   0.856549E+01   0.260972E+00   0.151768E+01   0.165051E+01   0.642686E+00
   0.229725E+01   0.374291E+01   0.391275E+01   0.171889E+01   0.545362E+01   0.577894E+01   0.508120E+01   0.448997E+01   0.654335E+01
   0.735555E+01   0.727765E+01   0.711507E+01   0.820171E+01   0.961927E+01   0.944875E+01   0.829981E+01   0.111241E+01   0.155879E+01
   0.202113E+01  -0.153327E+00   0.269171E+01   0.332015E+01   0.344907E+01   0.259093E+01   0.481692E+01   0.528027E+01   0.521658E+01
   0.421184E+01   0.572888E+01   0.771551E+01   0.696004E+01   0.638598E+01   0.865165E+01   0.887914E+01   0.910405E+01   0.780701E+01
   0.130260E+00   0.116517E+01   0.235163E+01   0.566292E+00   0.263412E+01   0.436532E+01   0.372206E+01   0.252401E+01   0.429998E+01
   0.501659E+01   0.504003E+01   0.440534E+01   0.644825E+01   0.751892E+01   0.780065E+01   0.661802E+01   0.905970E+01   0.885840E+01
   0.972257E+01   0.865296E+01   0.899568E+00   0.159595E+01   0.160737E+01  -0.276874E+00   0.226896E+01   0.305371E+01   0.354042E+01
   0.269014E+01   0.504733E+01   0.551062E+01   0.577207E+01   0.357309E+01   0.631806E+01   0.722573E+01   0.783636E+01   0.681171E+01
   0.825957E+01   0.896273E+01   0.887101E+01   0.901810E+01   0.882623E+00   0.486690E+00   0.203773E+01   0.283169E+00   0.237609E+01
   0.288041E+01   0.402793E+01   0.188800E+01   0.417657E+01   0.661292E+01   0.613704E+01   0.437821E+01   0.676060E+01   0.768173E+01
   0.706502E+01   0.687356E+01   0.940797E+01   0.901299E+01   0.918674E+01   0.799721E+01  -0.217788E+00   0.112827E+01   0.220043E+01
  -0.166718E+00   0.205469E+01   0.277993E+01   0.279409E+01   0.180314E+01   0.519616E+01   0.528581E+01   0.453840E+01   0.435306E+01
   0.642995E+01   0.735204E+01   0.754748E+01   0.666124E+01   0.865270E+01   0.944374E+01   0.946770E+01   0.822755E+01   0.510126E+00
   0.163866E+01   0.102029E+01   0.518704E+00   0.226662E+01   0.324004E+01   0.431028E+01   0.253034E+01   0.420001E+01   0.599203E+01
   0.584122E+01   0.480080E+01   0.607835E+01   0.727276E+01   0.765587E+01   0.644804E+01   0.851290E+01   0.945432E+01   0.989777E+01
   0.871066E+01   0.133715E+01   0.602299E+00   0.132040E+01  -0.146922E+00   0.232976E+01   0.347540E+01   0.419338E+01   0.255094E+01
   0.548152E+01   0.480758E+01   0.589819E+01   0.507813E+01   0.646922E+01   0.710765E+01   0.733143E+01   0.605254E+01   0.860333E+01
   0.911700E+01   0.101905E+02   0.780069E+01   0.754558E+00   0.176669E+01   0.234221E+01   0.227629E+00   0.250559E+01   0.368679E+01
   0.337532E+01   0.288079E+01   0.528524E+01   0.580190E+01   0.624665E+01   0.480389E+01   0.625965E+01   0.715328E+01   0.718385E+01
   0.712604E+01   0.785396E+01   0.998759E+01   0.102944E+02   0.704649E+01   0.289372E+00   0.152707E+01   0.534588E+00   0.593510E+00
  -0.591572E-01   0.807346E+00  -0.729626E-01   0.123116E+01  -0.610545E+00   0.190687E+01   0.579582E+00   0.190947E+01   0.416681E+00
   0.136275E+01   0.937857E+00   0.134384E+01   0.141587E+00   0.938519E+00   0.112348E+01   0.178341E+01   0.266481E+01   0.375349E+01
   0.209679E+01   0.424717E+01   0.168244E+01   0.381550E+01   0.254140E+01   0.307914E+01   0.223244E+01   0.305695E+01   0.347211E+01
   0.318460E+01   0.233722E+01   0.274342E+01   0.237651E+01   0.321350E+01   0.261012E+01   0.398730E+01   0.280576E+01   0.299117E+01
   0.464460E+01   0.679635E+01   0.512819E+01   0.545861E+01   0.474269E+01   0.564729E+01   0.505954E+01   0.595273E+01   0.411020E+01
   0.539321E+01   0.453109E+01   0.533984E+01   0.412719E+01   0.577716E+01   0.446572E+01   0.528988E+01   0.392667E+01   0.560990E+01
   0.502196E+01   0.514042E+01   0.664713E+01   0.751903E+01   0.635013E+01   0.777397E+01   0.685369E+01   0.694843E+01   0.607959E+01
   0.753910E+01   0.646344E+01   0.758800E+01   0.593981E+01   0.751390E+01   0.663935E+01   0.755116E+01   0.686937E+01   0.724497E+01
   0.601436E+01   0.685735E+01   0.605095E+01   0.782468E+01   0.844994E+01   0.983936E+01   0.849585E+01   0.889585E+01   0.814442E+01
   0.904126E+01   0.848892E+01   0.933963E+01   0.902050E+01   0.924658E+01   0.850664E+01   0.982493E+01   0.854568E+01   0.927030E+01
   0.798486E+01   0.948675E+01   0.911865E+01   0.979573E+01   0.874593E+01   0.101137E+02   0.915579E+00   0.947126E+00  -0.155537E+00
   0.187583E+01   0.432473E+00   0.153113E+01   0.291806E+00   0.118024E+01  -0.360168E+00   0.145119E+01   0.102835E+01   0.191430E+01
   0.601269E-01   0.114839E+01   0.352181E+00   0.167264E+01   0.119293E+01   0.192988E+01   0.167737E+00   0.166816E+01   0.249918E+01
   0.480964E+01   0.177997E+01   0.338271E+01   0.387458E+01   0.319258E+01   0.261008E+01   0.298065E+01   0.195477E+01   0.402266E+01
   0.251242E+01   0.289646E+01   0.194529E+01   0.328202E+01   0.292931E+01   0.472477E+01   0.250282E+01   0.334460E+01   0.248910E+01
   0.397629E+01   0.410225E+01   0.536873E+01   0.418011E+01   0.497338E+01   0.436200E+01   0.475354E+01   0.430840E+01   0.625662E+01
   0.439219E+01   0.548621E+01   0.418337E+01   0.534304E+01   0.425002E+01   0.477008E+01   0.410561E+01   0.515678E+01   0.404894E+01
   0.492756E+01   0.456885E+01   0.608806E+01   0.645743E+01   0.765043E+01   0.628624E+01   0.709833E+01   0.670582E+01   0.834463E+01
   0.682319E+01   0.724526E+01   0.691748E+01   0.768452E+01   0.690443E+01   0.716984E+01   0.645507E+01   0.715895E+01   0.699434E+01
   0.745326E+01   0.702029E+01   0.691975E+01   0.617218E+01   0.691599E+01   0.796949E+01   0.898010E+01   0.798759E+01   0.952751E+01
   0.872491E+01   0.940209E+01   0.948393E+01   0.887035E+01   0.907504E+01   0.978642E+01   0.830105E+01   0.883570E+01   0.861792E+01
   0.878520E+01   0.842062E+01   0.945386E+01   0.848033E+01   0.984093E+01   0.807409E+01   0.912851E+01  -0.201905E+00   0.148556E+01
   0.675942E+00   0.129397E+01   0.121866E+01   0.214962E+01   0.347708E+00   0.193692E+01   0.102698E+01   0.190823E+01   0.501720E+00
   0.126966E+01   0.858555E+00   0.213631E+01   0.152322E+01   0.182853E+01   0.620924E+00   0.163955E+01   0.818764E+00   0.126739E+01
   0.258843E+01   0.351275E+01   0.259067E+01   0.373032E+01   0.200332E+01   0.371820E+01   0.254381E+01   0.320824E+01   0.297469E+01
   0.421242E+01   0.243809E+01   0.353978E+01   0.328056E+01   0.385009E+01   0.294229E+01   0.343448E+01   0.262556E+01   0.340133E+01
   0.256422E+01   0.353343E+01   0.450842E+01   0.547847E+01   0.445722E+01   0.489277E+01   0.522941E+01   0.527873E+01   0.424847E+01
   0.544380E+01   0.468687E+01   0.600380E+01   0.516310E+01   0.520626E+01   0.492351E+01   0.590698E+01   0.415241E+01   0.582198E+01
   0.464270E+01   0.510405E+01   0.451368E+01   0.524478E+01   0.622885E+01   0.703223E+01   0.640059E+01   0.718733E+01   0.721009E+01
   0.838127E+01   0.670361E+01   0.745637E+01   0.673441E+01   0.728548E+01   0.674734E+01   0.713505E+01   0.627345E+01   0.814635E+01
   0.635210E+01   0.762701E+01   0.611995E+01   0.790447E+01   0.654313E+01   0.807617E+01   0.843644E+01   0.927170E+01   0.815542E+01
   0.965890E+01   0.919470E+01   0.107040E+02   0.816584E+01   0.936185E+01   0.819164E+01   0.894550E+01   0.802128E+01   0.960513E+01
   0.836844E+01   0.906392E+01   0.799742E+01   0.949225E+01   0.806330E+01   0.909523E+01   0.847719E+01   0.106283E+02   0.223200E+00
   0.163656E+01   0.946390E-01   0.942482E+00   0.765014E+00   0.972774E+00   0.984372E+00   0.214275E+01   0.321902E+00   0.783704E+00
   0.577833E+00   0.134705E+01   0.988073E+00   0.180261E+01   0.136581E+01   0.192210E+01   0.147112E+00   0.167270E+01   0.566577E+00
   0.162095E+01   0.232794E+01   0.371136E+01   0.271676E+01   0.321749E+01   0.238702E+01   0.383346E+01   0.235016E+01   0.373625E+01
   0.231192E+01   0.344726E+01   0.210071E+01   0.302421E+01   0.222739E+01   0.357258E+01   0.229799E+01   0.445689E+01   0.271794E+01
   0.433487E+01   0.284048E+01   0.398621E+01   0.459182E+01   0.574634E+01   0.472723E+01   0.564391E+01   0.447226E+01   0.607449E+01
   0.459566E+01   0.580287E+01   0.424307E+01   0.580462E+01   0.485153E+01   0.559868E+01   0.479438E+01   0.547001E+01   0.500158E+01
   0.606537E+01   0.330077E+01   0.489900E+01   0.489134E+01   0.475798E+01   0.610827E+01   0.702508E+01   0.687774E+01   0.870908E+01
   0.683426E+01   0.715277E+01   0.659034E+01   0.793750E+01   0.626936E+01   0.787918E+01   0.608883E+01   0.827331E+01   0.721338E+01
   0.736446E+01   0.656024E+01   0.839873E+01   0.603643E+01   0.745002E+01   0.664887E+01   0.716478E+01   0.814100E+01   0.899577E+01
   0.908922E+01   0.815339E+01   0.887702E+01   0.962992E+01   0.770300E+01   0.915406E+01   0.901594E+01   0.999011E+01   0.908967E+01
   0.913755E+01   0.818533E+01   0.100865E+02   0.839081E+01   0.946783E+01   0.930955E+01   0.887468E+01   0.793855E+01   0.918415E+01
   0.818428E+00   0.222789E+01   0.756831E+00   0.128530E+01   0.131720E+01   0.311044E+00   0.804379E+00   0.177160E+01   0.108974E+00
   0.143391E+01   0.122380E+01   0.142348E+01  -0.190135E-01   0.249748E+01   0.831819E+00   0.204165E+01  -0.287956E+00   0.148940E+01
  -0.240110E+00   0.167574E+01   0.246622E+01   0.289350E+01   0.287055E+01   0.340280E+01   0.259061E+01   0.347071E+01   0.331707E+01
   0.378330E+01   0.212879E+01   0.291477E+01   0.238114E+01   0.338470E+01   0.304667E+01   0.353989E+01   0.290851E+01   0.347215E+01
   0.300084E+01   0.373576E+01   0.247924E+01   0.358952E+01   0.494325E+01   0.537385E+01   0.426903E+01   0.521238E+01   0.451974E+01
   0.508878E+01   0.440860E+01   0.606203E+01   0.473601E+01   0.488931E+01   0.418117E+01   0.619210E+01   0.492728E+01   0.567911E+01
   0.390916E+01   0.551980E+01   0.387371E+01   0.492081E+01   0.435870E+01   0.490898E+01   0.566151E+01   0.749074E+01   0.632691E+01
   0.810763E+01   0.617226E+01   0.655107E+01   0.686519E+01   0.714225E+01   0.585753E+01   0.690592E+01   0.627804E+01   0.783989E+01
   0.623908E+01   0.730225E+01   0.549210E+01   0.786160E+01   0.640577E+01   0.736434E+01   0.610392E+01   0.841728E+01   0.779687E+01
   0.978638E+01   0.799795E+01   0.921659E+01   0.821512E+01   0.869207E+01   0.801018E+01   0.981692E+01   0.838186E+01   0.929010E+01
   0.902110E+01   0.924165E+01   0.814675E+01   0.881687E+01   0.906371E+01   0.985200E+01   0.825960E+01   0.949374E+01   0.897416E+01
   0.107157E+02   0.667013E+00   0.608385E+00   0.898352E+00   0.156044E+01  -0.280254E-01   0.574986E+00   0.601800E+00   0.146491E+01
  -0.511468E+00   0.853641E+00   0.181248E+01   0.185246E+01   0.752750E+00  -0.144193E-01   0.144728E+01   0.134108E+01  -0.336973E+00
   0.174542E+00   0.137728E+01   0.943226E+00   0.531940E+00   0.534440E+00   0.106735E+01   0.215683E+01   0.104495E+01   0.102068E+00
   0.219853E+01   0.168533E+01   0.100721E+01   0.460858E+00   0.256646E+01   0.149472E+01  -0.888407E-01   0.375304E+00   0.130836E+01
   0.125998E+01   0.106983E+00   0.102054E+01   0.120051E+01   0.921755E+00   0.100687E+01   0.543218E+00   0.165182E+01   0.161376E+01
  -0.415201E+00   0.188254E+00   0.145000E+01   0.585160E+00   0.855682E+00   0.357716E+00   0.175993E+01   0.144292E+01   0.864299E+00
   0.364980E+00   0.197337E+01   0.106904E+01   0.435138E+00   0.953395E+00   0.808201E+00   0.121767E+01   0.646812E+00   0.115115E+01
   0.173577E+01   0.128632E+01   0.257591E+00   0.125541E+01   0.174629E+01   0.204499E+01   0.145003E+01   0.129615E+01   0.235657E+01
   0.124347E+01  -0.138607E+00   0.180726E-01   0.728013E+00   0.221558E+01  -0.145177E-01   0.109272E+01   0.173329E+01   0.112129E+01
   0.592420E+00   0.331074E+00   0.148389E+01   0.125389E+01   0.136243E+01   0.580848E+00   0.135882E+01   0.162437E+01   0.681392E+00
  -0.140261E+00   0.151648E+01   0.999810E+00   0.517363E+00   0.590239E+00   0.108823E+01   0.170640E+01   0.115933E+01   0.197463E+01
   0.206928E+01   0.154794E+01   0.234707E+01   0.271642E+01   0.197946E+01   0.274115E+01   0.196724E+01   0.333265E+01   0.309941E+01
   0.328662E+01   0.220212E+01   0.181746E+01   0.317886E+01   0.412025E+01   0.250019E+01   0.257316E+01   0.364527E+01   0.359682E+01
   0.277048E+01   0.188905E+01   0.312834E+01   0.384665E+01   0.259404E+01   0.224393E+01   0.330364E+01   0.393481E+01   0.258811E+01
   0.265596E+01   0.374293E+01   0.378922E+01   0.289447E+01   0.289168E+01   0.310459E+01   0.350798E+01   0.223597E+01   0.220809E+01
   0.342356E+01   0.365124E+01   0.189040E+01   0.212191E+01   0.294251E+01   0.417957E+01   0.307535E+01   0.308788E+01   0.304192E+01
   0.196417E+01   0.261906E+01   0.356427E+01   0.342002E+01   0.372271E+01   0.223006E+01   0.240604E+01   0.396773E+01   0.298890E+01
   0.296774E+01   0.245959E+01   0.427786E+01   0.325647E+01   0.165614E+01   0.340908E+01   0.436366E+01   0.346501E+01   0.280750E+01
   0.244832E+01   0.387170E+01   0.319586E+01   0.261275E+01   0.305266E+01   0.375854E+01   0.341612E+01   0.235250E+01   0.287794E+01
   0.370915E+01   0.308417E+01   0.285903E+01   0.329800E+01   0.446589E+01   0.400032E+01   0.208435E+01   0.163521E+01   0.280069E+01
   0.390952E+01   0.213773E+01   0.278882E+01   0.369331E+01   0.375853E+01   0.236141E+01   0.155667E+01   0.396766E+01   0.328895E+01
   0.281556E+01   0.298821E+01   0.367797E+01   0.290142E+01   0.172617E+01   0.364951E+01   0.268875E+01   0.453607E+01   0.255348E+01
   0.307041E+01   0.311964E+01   0.329628E+01   0.569179E+01   0.514665E+01   0.566588E+01   0.662343E+01   0.427594E+01   0.508567E+01
   0.530355E+01   0.506359E+01   0.473190E+01   0.383150E+01   0.573916E+01   0.567719E+01   0.414446E+01   0.494193E+01   0.483169E+01
   0.500631E+01   0.385764E+01   0.405486E+01   0.647369E+01   0.535678E+01   0.396074E+01   0.444892E+01   0.549224E+01   0.580613E+01
   0.400631E+01   0.408385E+01   0.638594E+01   0.538897E+01   0.501035E+01   0.497426E+01   0.452055E+01   0.460322E+01   0.450370E+01
   0.483745E+01   0.549792E+01   0.544700E+01   0.454864E+01   0.522224E+01   0.542057E+01   0.633542E+01   0.417919E+01   0.486934E+01
   0.535039E+01   0.514998E+01   0.432244E+01   0.534868E+01   0.495998E+01   0.574516E+01   0.514390E+01   0.457030E+01   0.552758E+01
   0.595976E+01   0.484674E+01   0.355981E+01   0.521576E+01   0.615072E+01   0.389931E+01   0.447348E+01   0.534082E+01   0.475641E+01
   0.520692E+01   0.427284E+01   0.470156E+01   0.535826E+01   0.453531E+01   0.418851E+01   0.545643E+01   0.572483E+01   0.453629E+01
   0.483190E+01   0.575754E+01   0.644046E+01   0.386109E+01   0.414429E+01   0.551805E+01   0.500895E+01   0.467506E+01   0.478808E+01
   0.541536E+01   0.661449E+01   0.382155E+01   0.481397E+01   0.505039E+01   0.682626E+01   0.475650E+01   0.382688E+01   0.582575E+01
   0.521100E+01   0.417334E+01   0.481661E+01   0.547544E+01   0.622951E+01   0.472428E+01   0.503080E+01   0.579940E+01   0.563292E+01
   0.376038E+01   0.362526E+01   0.559951E+01   0.502260E+01   0.710710E+01   0.731375E+01   0.866772E+01   0.756343E+01   0.528090E+01
   0.610952E+01   0.697452E+01   0.793012E+01   0.716602E+01   0.672019E+01   0.803627E+01   0.776583E+01   0.643719E+01   0.621279E+01
   0.806099E+01   0.704480E+01   0.537573E+01   0.688802E+01   0.688051E+01   0.753441E+01   0.660803E+01   0.660172E+01   0.756976E+01
   0.714152E+01   0.692597E+01   0.591470E+01   0.832012E+01   0.785335E+01   0.596436E+01   0.611276E+01   0.706837E+01   0.742497E+01
   0.602419E+01   0.636081E+01   0.715281E+01   0.818691E+01   0.680749E+01   0.692548E+01   0.715890E+01   0.688515E+01   0.620915E+01
   0.671443E+01   0.704678E+01   0.740773E+01   0.613305E+01   0.638926E+01   0.722467E+01   0.750272E+01   0.601134E+01   0.637565E+01
   0.816873E+01   0.757276E+01   0.651116E+01   0.597716E+01   0.670471E+01   0.723796E+01   0.611518E+01   0.650750E+01   0.777393E+01
   0.724441E+01   0.628755E+01   0.642830E+01   0.761461E+01   0.805171E+01   0.627916E+01   0.739326E+01   0.821768E+01   0.688378E+01
   0.544123E+01   0.673906E+01   0.724780E+01   0.956563E+01   0.588497E+01   0.663040E+01   0.758806E+01   0.712361E+01   0.688664E+01
   0.578722E+01   0.787403E+01   0.700751E+01   0.661410E+01   0.601430E+01   0.775510E+01   0.685687E+01   0.680955E+01   0.668505E+01
   0.789455E+01   0.813258E+01   0.646390E+01   0.713819E+01   0.754691E+01   0.751651E+01   0.615322E+01   0.620235E+01   0.725819E+01
   0.699783E+01   0.687076E+01   0.584839E+01   0.769271E+01   0.771757E+01   0.957594E+01   0.756480E+01   0.961256E+01   0.867871E+01
   0.867593E+01   0.793151E+01   0.907298E+01   0.990435E+01   0.822665E+01   0.796847E+01   0.940176E+01   0.105897E+02   0.843361E+01
   0.826183E+01   0.892389E+01   0.903237E+01   0.886860E+01   0.888431E+01   0.102612E+02   0.912359E+01   0.843120E+01   0.858432E+01
   0.991473E+01   0.889132E+01   0.886639E+01   0.811339E+01   0.919830E+01   0.922324E+01   0.822731E+01   0.921292E+01   0.998725E+01
   0.993411E+01   0.859068E+01   0.782663E+01   0.918348E+01   0.952146E+01   0.800162E+01   0.790337E+01   0.960964E+01   0.990524E+01
   0.853985E+01   0.968102E+01   0.968585E+01   0.101364E+02   0.858514E+01   0.858807E+01   0.990639E+01   0.958327E+01   0.859785E+01
   0.881175E+01   0.963881E+01   0.900710E+01   0.746664E+01   0.780163E+01   0.885527E+01   0.960517E+01   0.845340E+01   0.885419E+01
   0.959863E+01   0.956823E+01   0.766896E+01   0.778895E+01   0.918050E+01   0.112698E+02   0.848255E+01   0.926493E+01   0.104303E+02
   0.927366E+01   0.810746E+01   0.819036E+01   0.924585E+01   0.103906E+02   0.830601E+01   0.808532E+01   0.914464E+01   0.923982E+01
   0.922169E+01   0.850841E+01   0.932061E+01   0.100143E+02   0.898328E+01   0.843145E+01   0.102203E+02   0.101142E+02   0.803437E+01
   0.882445E+01   0.998021E+01   0.894703E+01   0.834048E+01   0.873431E+01   0.975683E+01   0.857285E+01   0.827901E+01   0.791989E+01
   0.918130E+01   0.987515E+01   0.868597E+01   0.779497E+01   0.897878E+01   0.705298E+01   0.127567E+01  -0.426430E+00  -0.137403E+01
   0.557845E+00   0.310562E+00   0.221689E+01   0.126622E+01   0.152061E+01  -0.123752E+01   0.841903E-01   0.542039E+00   0.160683E+01
   0.478721E+00   0.112099E+01   0.100414E+01   0.919197E+00   0.174108E+00  -0.140479E+01  -0.120206E+01  -0.125201E+01  -0.783938E+00
   0.185063E+00   0.123817E+00  -0.336705E+00   0.749859E+00  -0.141706E+01  -0.900840E-01  -0.196677E+00  -0.952685E+00   0.102339E+01
  -0.135984E+01   0.167428E+00  -0.128710E+01   0.530390E+00   0.100175E+01  -0.146155E+01   0.822659E+00  -0.362160E+00  -0.964889E+00
   0.110822E+01   0.130183E+00   0.329901E+00   0.174479E+01  -0.562280E-01  -0.139912E+00   0.188110E+01  -0.134344E+01  -0.825808E-01
  -0.325223E+00  -0.120317E+01   0.724302E-01  -0.793954E+00  -0.250507E+01   0.282636E+00  -0.428736E+00   0.114424E+01  -0.314775E+01
   0.814579E+00  -0.370779E+00  -0.352314E+01   0.312746E+01   0.175825E+01  -0.256550E-01   0.144841E+01   0.187808E+00  -0.149216E+01
  -0.470093E+00   0.989192E-01  -0.120274E+00   0.476208E+01   0.106517E+00  -0.998843E+00   0.216873E+01   0.125333E+00  -0.664804E+00
  -0.992073E+00   0.204243E+01   0.177280E+00  -0.965713E+00  -0.203562E+01  -0.902646E+00   0.189269E+01  -0.127857E+01   0.704079E+00
  -0.184487E+01  -0.141408E+00  -0.222400E+00   0.470111E+00  -0.504321E+00  -0.262678E+00  -0.155549E+00   0.178650E+01  -0.650551E+00
   0.232033E+01  -0.140766E+01   0.156466E+01   0.734588E+00  -0.102033E+00   0.565856E+00   0.315657E+00  -0.178330E+01  -0.721289E+00
   0.577820E+00  -0.138387E+01   0.101452E+01  -0.117142E+01  -0.478440E+00   0.125024E+01  -0.149013E+01   0.718223E+00   0.266583E+00
  -0.599970E+00   0.115910E+01   0.109504E+01  -0.187613E+01   0.729704E+00  -0.409736E+00   0.287422E+01   0.147302E+00  -0.249723E+00
   0.891952E+00   0.102770E+00  -0.113854E+01  -0.617314E+00   0.657907E+00  -0.288498E+00  -0.173558E+00   0.114926E+01   0.127135E+00
   0.579880E+00   0.271879E+01   0.111469E+01  -0.143973E+01   0.450048E+00  -0.156501E+01  -0.148222E+01  -0.104575E+00  -0.138900E+01
  -0.276273E+00  -0.959501E+00  -0.730596E+00  -0.863505E+00  -0.469424E+00  -0.268849E+01   0.568036E+00   0.623804E+00   0.619908E+00
   0.296420E+00   0.891978E+00   0.534815E+00  -0.492463E+00  -0.113451E+01  -0.714869E+00  -0.125432E+00  -0.997752E+00   0.581487E+00
  -0.103638E+01   0.143130E+01   0.234113E+00   0.125759E+01   0.268167E+01   0.475883E+00   0.379955E+00   0.960814E+00   0.164457E+01
  -0.349808E+00  -0.324669E+00  -0.220962E+00  -0.286129E+00  -0.315057E-01  -0.305492E+00   0.354011E+00   0.152947E+01   0.126836E+00
   0.548257E+00   0.125469E+01   0.680504E+00   0.686202E+00  -0.197875E+00  -0.533299E+00   0.108564E+01  -0.171330E+00  -0.115529E+01
   0.121597E+01   0.913385E+00   0.935634E+00  -0.403570E+00   0.111838E+01   0.553651E+00  -0.908963E+00  -0.393209E+00  -0.183728E+01
   0.123456E+01   0.143710E+01  -0.226284E+01   0.370887E-02   0.361048E+01   0.160289E+01  -0.207725E+00  -0.566519E+00  -0.171670E+01
  -0.129246E+01  -0.808101E+00   0.192309E+01   0.109350E+01   0.870085E-01   0.187321E+01  -0.242193E+00  -0.812611E-01  -0.973406E+00
   0.936472E+00  -0.396888E+00   0.643984E+00   0.127731E+00  -0.300532E-04  -0.120088E+01  -0.410347E+00  -0.565546E+00   0.717785E-01
   0.936131E-01  -0.225210E+00  -0.136493E+01   0.688455E+00   0.972399E-01  -0.193383E+01  -0.341463E+00   0.622515E+00   0.341675E+00
   0.210794E+01   0.839593E+00   0.142737E+01   0.155545E+01   0.813737E+00  -0.104348E+00  -0.818407E+00  -0.508463E+00  -0.781925E+00
   0.633992E+00  -0.241661E+00   0.365668E+00   0.363191E+00  -0.131744E+01   0.144841E+01   0.807301E+00   0.393068E+00   0.255404E-01
  -0.836575E+00   0.272627E+00   0.160497E+00  -0.248866E+00  -0.204862E+01  -0.667849E+00  -0.124680E+01   0.160264E+00   0.103254E+01
  -0.351047E+00  -0.363680E+01   0.157414E+01   0.190299E+00  -0.389157E+00   0.918330E+00  -0.107811E+01  -0.991795E+00  -0.114109E+01
   0.247013E+00  -0.678606E+00   0.199128E+00  -0.414962E+00  -0.351213E+00  -0.129155E+01  -0.133648E+00   0.744204E-01   0.164900E+00
   0.627611E+00  -0.498863E+00   0.699177E+00   0.257620E+00   0.150945E+01  -0.138030E+01   0.151228E+01  -0.888927E+00  -0.518546E+00
   0.471705E+00  -0.645520E+00  -0.233775E+00   0.438441E+00  -0.915599E+00   0.777652E+00  -0.220151E-01  -0.815062E+00  -0.145786E+01
   0.104508E+01  -0.644762E+00  -0.635998E+00  -0.295471E+00  -0.125930E+01  -0.150559E+01  -0.114865E+01   0.157591E+01  -0.103419E+01
  -0.129964E+01   0.750031E+00   0.273203E+00  -0.100309E+01   0.650038E-01  -0.112691E+01  -0.128174E+01   0.320146E+00  -0.158461E+01
  -0.195850E+01   0.460997E+00  -0.183215E+00  -0.198350E+01   0.107532E+01  -0.219882E+00  -0.118337E+01   0.484246E+00   0.193416E+00
  -0.305861E+01  -0.112468E+01  -0.515932E+00  -0.738690E+00  -0.532546E+00  -0.934614E+00  -0.412388E+00   0.117802E+01   0.582156E-01
  -0.105309E+01   0.114046E+01   0.222497E+01  -0.657988E+00  -0.107055E+01  -0.118343E+00   0.161605E+01  -0.913419E+00  -0.505087E+00
  -0.650044E+00   0.998818E-01   0.184380E+00  -0.398238E+00   0.131446E+01   0.542014E+00   0.862102E-02   0.111714E+01   0.283810E+00
  -0.616997E+00  -0.120002E+01   0.153248E+01   0.383816E+00   0.239652E+00   0.874031E+00  -0.143319E+01  -0.141317E+01  -0.121015E+01
   0.636357E+00   0.722652E+00   0.294343E+01   0.541533E-02   0.141347E+00  -0.119993E+01   0.820463E+00  -0.409259E+00   0.251993E+01
  -0.849104E+00  -0.326223E+00   0.205432E+01   0.939682E-02  -0.192008E+01  -0.197241E+00  -0.145020E+01  -0.419649E-01   0.135618E+01
  -0.137318E+01  -0.494686E+00   0.243944E+01  -0.556751E+00  -0.216357E+01  -0.156264E+01   0.222970E+00   0.122188E+01   0.369224E+00
   0.169993E+01   0.275180E+00   0.184140E+00  -0.794753E+00   0.116035E+01  -0.184704E+01   0.710039E+00   0.128124E+01   0.137564E+01
  -0.154149E+01  -0.718588E+00  -0.637155E+00   0.960449E+00   0.146135E+01   0.697662E+00  -0.626634E+00   0.916197E+00  -0.241526E+01
  -0.137707E+01  -0.751741E-01  -0.109271E+01   0.172479E+01   0.552488E-01   0.487925E+00  -0.384202E+00   0.538386E+00  -0.556086E+00
   0.388331E+00   0.184925E+01   0.301560E+00  -0.307928E+00   0.942382E+00   0.118966E+01   0.107543E+01  -0.133895E+00   0.189084E+01
  -0.144719E+01  -0.173103E+01  -0.496505E+00  -0.382811E+00  -0.140663E+01   0.197984E+01  -0.493428E+00  -0.503303E-02  -0.202956E+01
   0.103242E-02  -0.869615E+00   0.101660E+01  -0.919625E-01  -0.177676E+01  -0.133295E+01   0.116068E+01   0.259329E+00   0.342919E+00
  -0.120850E+01   0.413727E+00   0.128355E+00  -0.928584E-02   0.116093E+01  -0.868892E+00  -0.723769E-01   0.292257E+00  -0.541483E+00
  -0.103010E+01  -0.205833E+00   0.178712E+01  -0.285182E+01   0.121652E+00   0.108618E+01  -0.259151E+00   0.122366E+01  -0.108335E+00
  -0.405139E-01   0.134053E+01   0.556515E+00  -0.104576E+01   0.711990E+00   0.910763E+00  -0.248017E+01   0.623392E+00  -0.199795E+01
   0.480201E+00  -0.436380E+00  -0.783103E+00   0.857288E+00   0.103558E+01  -0.163294E+01   0.605714E+00   0.134025E+00  -0.100220E+01
   0.221791E+01   0.137414E+01  -0.765369E+00   0.755923E+00  -0.917630E+00  -0.386858E+00  -0.329922E-01   0.115740E+01  -0.421271E+00
  -0.640485E+00   0.859430E+00  -0.450322E+00   0.933480E+00   0.154783E+01   0.123277E+00   0.189699E+01   0.103501E+01  -0.173985E+01
  -0.932448E+00   0.514502E+00   0.781725E+00   0.116193E+01   0.656304E+00  -0.102737E+01  -0.870098E+00  -0.154305E+01   0.103762E+01
   0.313748E+00   0.624716E+00  -0.538430E+00  -0.318373E-01   0.127469E+01  -0.219707E+01   0.204395E+00   0.747757E+00   0.938184E+00
  -0.117978E+01  -0.122151E+01   0.769256E+00  -0.578283E+00   0.115055E+01  -0.103063E+01  -0.158787E+01  -0.190594E+00  -0.500026E+00
   0.843192E+00  -0.322292E+00   0.143684E+01  -0.261332E+00   0.221407E+01   0.422053E+00  -0.752623E+00  -0.925875E+00  -0.108494E+01
  -0.185316E+00   0.590501E+00  -0.188058E+01  -0.797847E+00  -0.199318E+01   0.110357E+00  -0.771029E+00  -0.164230E+01   0.173685E+01
  -0.105857E+00   0.330065E+00  -0.592751E+00  -0.419941E-01  -0.179803E+00  -0.303751E+00   0.151999E+01   0.224074E+01   0.163066E+01
   0.137847E+01   0.592232E-01   0.783477E+00   0.757488E+00   0.796201E+00  -0.730692E+00   0.666304E+00  -0.178272E+01   0.146767E+01
   0.118868E+01   0.554181E+00   0.118498E+01  -0.112350E+01  -0.288202E+00   0.169334E+01   0.745354E+00  -0.579377E+00   0.648151E+00
  -0.515183E-01  -0.108774E+01  -0.318780E+00   0.820831E+00  -0.185098E+01  -0.129990E+01  -0.136660E+00  -0.385373E+00   0.486827E+00
  -0.592475E+00  -0.133742E+01   0.296443E+00   0.871838E-01   0.490537E+00  -0.140354E+01  -0.410343E+00   0.108802E+01  -0.421186E+00
  -0.310485E+00  -0.106844E+00   0.202761E+00  -0.116601E+01   0.387158E+01  -0.295491E+01  -0.140826E+01  -0.498378E+00   0.123355E+01
   0.915274E+00  -0.364147E+00   0.655860E+00   0.180905E+01  -0.150138E+01   0.238826E+00  -0.615223E+00  -0.281783E+00   0.184272E+01
  -0.630901E+00   0.646634E-02   0.106186E+00   0.227760E+01  -0.229662E+00  -0.120036E+01   0.718954E+00   0.139100E+01   0.626711E+00
  -0.205731E+00  -0.146975E+01  -0.746110E+00  -0.156467E+01  -0.189869E+01   0.983246E+00  -0.143906E+01  -0.558480E+00   0.123408E+00
  -0.580752E+00   0.838110E+00  -0.270277E+00   0.904061E-01   0.458495E+00   0.604765E+00   0.122933E+01  -0.139344E+01   0.713613E+00
  -0.715316E-01  -0.563713E+00   0.139527E+00  -0.131633E+01   0.408535E-01   0.112319E+01   0.338015E+01  -0.945056E+00  -0.577378E+00
   0.231742E+00   0.244222E+01   0.492957E+00  -0.113819E+00  -0.122118E+01  -0.120765E+01  -0.288293E+00  -0.767388E+00   0.880343E+00
  -0.187840E+01  -0.130621E+01   0.196128E+00  -0.222590E+01  -0.491242E+00  -0.628647E+00   0.205430E+01   0.153938E+00  -0.411719E+00
  -0.148266E+01  -0.909301E+00   0.353075E+00  -0.537542E+00  -0.545575E+00  -0.210200E+01   0.164312E+01   0.116024E+01   0.154394E+01
  -0.693757E-01   0.128280E+00   0.363453E+00  -0.120623E+01  -0.593233E+00   0.136085E+01  -0.111244E+01   0.115968E+01  -0.700980E+00
   0.434438E-01   0.189967E+01  -0.129577E+01   0.208849E+01  -0.124471E+01  -0.843359E-02   0.295378E+00  -0.100467E+00  -0.681166E+00
  -0.148653E+01  -0.230910E+01  -0.148406E+01  -0.546328E+00  -0.165760E+00   0.147189E+00   0.220251E+01   0.120002E+01   0.152938E+01
  -0.871065E+00   0.239485E+01   0.114977E+01  -0.248889E+01  -0.700072E+00   0.115008E+01  -0.998350E+00   0.453320E+00  -0.448851E+00
  -0.155629E+00   0.202476E+01  -0.181711E+00  -0.557507E+00   0.293693E+00  -0.403183E+00   0.368985E+00  -0.313349E+01   0.130648E+01
  -0.463122E+00  -0.404632E+00   0.196715E+01   0.724116E+00  -0.133192E-01   0.183416E+01  -0.229002E+00   0.135965E+00  -0.606404E+00
   0.302194E-01   0.201693E+01   0.116163E+01   0.543197E+00  -0.478960E+00  -0.526003E+00  -0.164705E+01  -0.691580E-01   0.649589E+00
  -0.137569E+01   0.571724E-01  -0.523230E+00  -0.318518E+00   0.142444E-01   0.147205E+01  -0.443375E+00   0.125220E-01   0.230004E+00
   0.212441E+01   0.204231E+00   0.160329E+00   0.205673E+01  -0.721326E-01  -0.174799E+01   0.509795E+00   0.232172E+01   0.526042E+00
   0.969266E+00  -0.549389E+00  -0.206794E+01   0.307679E+01  -0.145611E+01   0.123540E+01   0.390270E+00  -0.996309E+00   0.449182E+00
   0.168862E+00   0.759497E+00   0.560549E+00   0.162233E+01  -0.141412E+01   0.165457E+01  -0.138749E+01  -0.107541E+01   0.149491E+01
  -0.122526E+00  -0.117121E+01  -0.106649E+00   0.827782E-01  -0.913238E+00   0.343106E+01   0.564904E+00   0.146121E-01  -0.427718E+00
   0.492595E+00  -0.440811E+00   0.252333E+00  -0.157944E+01   0.679510E+00   0.507867E+00  -0.602729E+00   0.257111E+00  -0.952839E-01
   0.941532E+00  -0.368686E+00  -0.193613E+01   0.782303E+00   0.739472E+00   0.113254E+01  -0.498642E+00   0.147549E+01   0.137231E+00
  -0.744171E+00   0.442191E+00  -0.203706E+00  -0.830321E+00  -0.942186E+00   0.118892E+00  -0.163236E+01   0.697454E+00  -0.150791E+01
  -0.601698E+00  -0.102050E+01  -0.214892E+01   0.654576E+00   0.170923E+01   0.294792E+01   0.841449E-01   0.308053E-01  -0.427404E+00
  -0.532597E+00  -0.128538E+01   0.355686E+00   0.117827E+01   0.638815E+00  -0.175894E+01   0.630169E+00  -0.155028E+00   0.198010E+00
   0.182743E+00  -0.313754E+00  -0.291489E+00   0.286840E+00   0.430626E+00  -0.114481E+01   0.593595E+00   0.409942E+00   0.929914E+00
  -0.213749E+00   0.123262E+00  -0.133740E+01   0.128198E+01  -0.508495E+00   0.104602E+01  -0.133788E+00  -0.449851E-01  -0.334272E+00
   0.952905E-01  -0.294006E+00   0.248550E+00   0.428079E+00   0.227154E+01   0.941200E-01   0.199852E+01   0.641669E+00  -0.410011E+00
   0.615722E-02   0.135667E+01  -0.176374E-01   0.393188E-01  -0.477762E+00   0.981732E+00  -0.733389E+00   0.501866E+00  -0.940904E+00
   0.512305E+00  -0.141314E+01  -0.210447E-01   0.160386E+01   0.461811E+00  -0.915708E+00   0.151170E+01  -0.199787E+01   0.544247E+00
   0.178870E+00  -0.230862E+00  -0.615290E+00  -0.471519E+00   0.237236E+00   0.936110E-01   0.912304E+00  -0.688824E+00   0.649627E+00
   0.741772E+00  -0.110195E+01   0.160078E+01  -0.809264E+00   0.200881E+01  -0.632776E+00  -0.432290E+00   0.173386E+01   0.885795E+00
   0.429780E+00   0.250366E+00  -0.373088E+00  -0.234459E+01   0.502644E+00  -0.199562E+01   0.252191E+00  -0.179325E+01  -0.572293E+00
  -0.554137E+00  -0.890400E+00  -0.141397E+01   0.739196E+00  -0.170825E+01   0.202626E-01   0.273762E+00   0.526540E+00   0.189976E+01
   0.245719E+00  -0.919932E+00   0.343162E+01   0.634450E-01  -0.688082E+00  -0.370780E+00  -0.502048E+00   0.152062E+01  -0.111143E+01
  -0.104425E+01   0.987787E+00  -0.101075E+01   0.106242E+01  -0.312790E+00   0.200410E+00   0.569066E+00   0.192259E+01   0.752733E+00
   0.186208E+01   0.145827E+01  -0.512390E+00  -0.150553E+00  -0.286954E+01  -0.755680E+00  -0.292468E+00  -0.717025E+00  -0.185498E-01
  -0.226596E+01   0.748813E+00  -0.442946E+00   0.193725E+01   0.558535E+00   0.170439E+01  -0.747548E-01  -0.556954E+00  -0.213516E+00
   0.586375E+00  -0.196034E+01  -0.862512E-01   0.490495E+00  -0.841429E+00   0.111352E+00  -0.223010E+00   0.186680E+01  -0.161123E+00
   0.121914E+01   0.211700E+01   0.164524E+00  -0.496590E+00  -0.611744E+00   0.437752E+00   0.234764E+01   0.151065E+00   0.100560E+01
  -0.575905E+00   0.125160E+00  -0.104130E+01  -0.117395E+01  -0.134126E+01  -0.886330E-01  -0.158729E+00  -0.877010E+00  -0.493553E-01
  -0.611548E+00  -0.309945E+00   0.432695E+00  -0.129465E+01   0.686233E+00  -0.385597E+00  -0.438485E+00  -0.371843E+00   0.198776E+00
   0.170873E+01  -0.196236E+01  -0.100293E+01  -0.169791E+01   0.156740E+01  -0.797864E+00  -0.133748E+00  -0.271280E+00  -0.766783E+00
   0.666759E+00  -0.754468E+00  -0.480487E+00  -0.143760E+01  -0.317820E+00  -0.105134E+01   0.538340E-01  -0.705256E+00  -0.182875E+01
  -0.162550E+01  -0.372695E+00  -0.213483E+01   0.183449E+01  -0.702733E+00  -0.665673E+00   0.635429E+00   0.584981E-01  -0.605701E+00
  -0.206728E+01   0.727842E+00  -0.136892E+01  -0.507927E+00  -0.541697E+00   0.175956E+01   0.195363E+01   0.117819E+01   0.356558E+01
   0.161991E+00  -0.814857E-01  -0.169159E+01   0.653279E-01  -0.167194E+01  -0.102932E+01  -0.123398E+01   0.150122E+00   0.109170E+01
   0.128104E+00   0.285632E+01  -0.234190E+01   0.682845E+00  -0.155471E+00  -0.196608E+01   0.349078E+00  -0.149043E+01  -0.719597E+00
  -0.290496E+00   0.820077E+00  -0.435507E+00   0.226979E+00   0.286761E+00  -0.136190E+00   0.461709E+00   0.137784E-01   0.624893E+00
  -0.136277E+01   0.214096E+01   0.769220E+00   0.221884E+00  -0.565436E+00   0.814235E+00   0.582387E+00  -0.737725E+00   0.983768E-01
  -0.402694E+00   0.220130E+00   0.206366E+01  -0.118257E+01  -0.526383E+00   0.137868E+00   0.938361E+00  -0.138249E+01  -0.150574E+01
  -0.118726E+01   0.557248E+00  -0.113393E+01   0.610452E+00  -0.274591E+00   0.595170E-01  -0.563396E+00   0.721512E+00  -0.629521E+00
  -0.590688E+00  -0.571580E+00  -0.877312E+00   0.171484E+01  -0.170018E+01   0.984763E+00   0.776036E+00  -0.373799E+00  -0.103423E+01
   0.147730E+01   0.525615E+00   0.225249E+01   0.705680E+00   0.291032E+01   0.270688E+00  -0.166406E+00  -0.161073E+01   0.130848E+00
  -0.752923E+00   0.118666E+01  -0.110163E+01  -0.327044E+00   0.979161E+00  -0.905150E+00  -0.148539E+00  -0.318919E+00  -0.308248E+00
  -0.369572E+00   0.598849E+00   0.165495E+01   0.120675E+01   0.954728E-01  -0.201140E+00  -0.281733E+01  -0.218607E+01   0.120081E+01
  -0.233699E+00   0.528221E+00  -0.438785E+00  -0.166024E+00   0.376372E+00  -0.490409E+00   0.936213E+00   0.204303E+00  -0.109506E+00
   0.942310E+00  -0.220172E+01  -0.112043E+01  -0.466368E+00  -0.164676E+01  -0.455796E+00  -0.327963E+00   0.826216E+00  -0.456639E+00
   0.923450E-01   0.263441E+01  -0.186891E+01  -0.101963E+01  -0.187478E+01   0.105124E+01   0.531953E+00  -0.639263E-01  -0.575686E+00
   0.103507E+01   0.288234E+00   0.108296E+01   0.364551E-01   0.800456E+00  -0.336411E+01  -0.938760E+00   0.979350E+00  -0.111313E+01
   0.186958E+00  -0.475378E+00  -0.175360E+01   0.505802E+00  -0.103707E+01  -0.852768E+00  -0.122468E+00  -0.191652E+00  -0.344088E+00
   0.223538E+00  -0.148439E+01   0.109947E+01   0.174831E+01   0.762283E-01  -0.856770E+00  -0.208174E+01   0.122986E+01   0.934388E+00
   0.430918E+00  -0.596735E+00  -0.772625E+00   0.595780E+00   0.590681E+00   0.205297E+01   0.115216E+01   0.165325E+01   0.333739E+01
  -0.415726E+00   0.311612E+00   0.472639E+00   0.463058E+00  -0.120692E+01  -0.259747E+00  -0.832217E+00  -0.189216E+01   0.307995E+00
   0.196950E+01   0.154598E+01   0.744380E+00  -0.386380E+00   0.219773E+01   0.102059E+01  -0.135901E+01  -0.457313E+00  -0.458146E+00
   0.871636E+00   0.101231E+01  -0.521411E+00  -0.177414E+00  -0.485338E+00  -0.884417E+00   0.140479E+01  -0.266473E+01   0.995319E+00
   0.850802E+00   0.901708E+00  -0.241675E+00  -0.100560E+01   0.420617E+00  -0.160925E+00   0.133279E+01   0.145416E+00   0.514862E+00
  -0.109920E+01  -0.166778E+01   0.675958E+00  -0.290529E+01   0.130795E+01  -0.756630E+00  -0.121461E+01  -0.199906E+00   0.832536E+00
   0.134103E+01   0.154593E+01  -0.783038E+00   0.237556E+01  -0.546836E+00  -0.166539E+00   0.184598E+00  -0.109854E+01  -0.179955E+00
  -0.917057E+00  -0.579866E-01   0.108660E+01  -0.219962E+01  -0.592836E+00  -0.247597E+01   0.111903E+01  -0.512567E+00  -0.916906E+00
  -0.365648E+00  -0.581783E+00  -0.126639E+01   0.427000E+00   0.106136E+01  -0.131711E+00  -0.161432E+01  -0.246569E+01   0.434657E+00
   0.636756E+00  -0.105488E+01   0.137870E+01  -0.144345E+01   0.225394E+00   0.709717E+00  -0.147456E+01   0.740207E+00  -0.188121E+01
  -0.579189E+00   0.663936E+00   0.437508E+00   0.703872E+00  -0.832792E+00   0.162140E+01  -0.452881E-01   0.109399E+01  -0.537041E+00
   0.197820E+01   0.763173E+00   0.124546E+01  -0.354528E+00   0.117581E+00   0.614913E+00   0.211278E+01  -0.103196E+01  -0.706754E+00
  -0.357110E-01  -0.851622E+00   0.642073E+00   0.787555E-01   0.633948E+00  -0.140337E+01   0.104315E+01  -0.109975E+01  -0.263373E+01
   0.102152E+00   0.110446E+01  -0.536168E+00  -0.213581E+01   0.146733E+01   0.766806E+00   0.996056E+00   0.949090E+00  -0.127827E+01
  -0.220228E+01  -0.188092E+00   0.160908E+01   0.901588E+00  -0.685569E+00  -0.771072E+00   0.680718E+00   0.248659E+01   0.216600E+00
   0.176621E+00  -0.188590E+01   0.204033E+01   0.155265E+01  -0.524439E-01   0.139142E+01  -0.242104E+01  -0.135135E+01  -0.422572E+00
   0.141033E+01   0.105880E+01  -0.140327E+01   0.165388E+01   0.122742E+01   0.252578E+00   0.256667E+00  -0.114377E+00  -0.347199E+00
   0.162431E+01  -0.210684E+01   0.964869E+00   0.164318E+01   0.138063E+01  -0.202506E+01   0.384318E+00   0.532956E+00  -0.657851E+00
   0.143366E+00   0.114068E+01   0.188404E+01   0.249980E+00  -0.214385E+01  -0.281936E+00   0.757842E+00  -0.510552E+00  -0.123790E+01
   0.163493E+00  -0.134422E+01  -0.868358E+00   0.502916E+00  -0.126142E+01  -0.484799E+00   0.270559E+00   0.656115E+00   0.454265E+00
   0.132792E+01   0.542830E+00   0.602081E+00   0.205060E+01  -0.109944E+01  -0.104368E-02   0.164756E+00  -0.190756E+00   0.583554E+00
   0.729680E-01  -0.812565E+00  -0.107608E+01  -0.297903E+00   0.666977E+00  -0.986282E-01  -0.529686E+00  -0.884479E+00  -0.568397E-01
   0.747024E+00   0.398694E+00  -0.544919E+00   0.771842E+00  -0.608929E+00   0.132866E+01  -0.818261E-01  -0.115897E+00  -0.391644E+00
  -0.115660E+01   0.474803E-01   0.129265E+01   0.383713E+00  -0.773989E+00   0.174557E+01   0.103698E+01  -0.357140E+00  -0.103737E+00
   0.269159E+01   0.104859E+01   0.140911E+01  -0.558423E+00   0.733275E+00  -0.306236E+00  -0.929430E+00   0.537517E+00  -0.144368E+01
   0.993163E+00  -0.300531E+01   0.545296E+00  -0.922546E+00   0.458174E+00   0.445476E-01  -0.102976E+01   0.179896E+00  -0.111207E+01
   0.548990E+00  -0.172820E+00   0.968030E+00  -0.592709E+00  -0.355273E+00  -0.474280E+00   0.266602E+01   0.242995E+00  -0.382740E+00
   0.115404E+01   0.100179E+01  -0.431770E-01   0.380415E-01  -0.912243E+00   0.258889E-01  -0.885412E+00  -0.643404E+00  -0.690667E+00
   0.121762E+01   0.349279E+00   0.480151E+00  -0.187973E+01   0.232949E+00  -0.777033E+00  -0.348147E+00   0.195667E+00   0.263750E-01
   0.288627E+01   0.824084E+00  -0.186341E+00  -0.932796E-03   0.150967E+01  -0.566060E+00  -0.206821E+01  -0.211916E+01  -0.799890E+00
   0.297632E+00   0.228692E+01   0.185237E+01  -0.693826E-01  -0.512333E+00   0.471040E+00  -0.207340E+00  -0.152304E+01   0.294777E-01
  -0.552122E+00  -0.117001E+01  -0.502018E+00   0.178274E+00  -0.218925E+00   0.589524E+00   0.113216E+01   0.142465E+01  -0.239715E+01
  -0.103961E+01   0.831621E+00   0.232235E+00   0.633575E+00  -0.162183E+01  -0.481396E+00   0.147802E+00   0.188040E+01   0.805353E-01
  -0.387133E+00   0.111013E+01  -0.160742E+01  -0.159968E+01   0.182752E+00   0.929011E+00  -0.662674E+00   0.499984E+00  -0.112200E+01
  -0.355542E+00  -0.499677E+00  -0.461255E+00  -0.296759E+00   0.126919E+01   0.443465E+00   0.107164E+01  -0.140229E+01   0.780155E+00
  -0.119609E+01  -0.130666E+00   0.248907E+01  -0.969583E-01   0.115444E+01   0.856782E+00  -0.837127E+00   0.688312E+00  -0.944248E+00
  -0.123987E+01   0.133886E+01  -0.404461E-01   0.323237E+00  -0.118999E+01   0.119376E+01   0.126819E+01   0.126829E+01   0.151597E+00
  -0.148807E+00   0.691984E+00  -0.118610E+00   0.189530E+01   0.391520E+00  -0.253263E+01   0.599671E+00  -0.321816E+01   0.814950E+00
  -0.498214E+00  -0.975933E+00   0.212557E+00  -0.753687E+00   0.254672E+00  -0.109421E+01  -0.219778E+01   0.561807E+00   0.653516E+00
  -0.905724E+00  -0.553174E+00  -0.620885E+00   0.681257E+01   0.344164E+01  -0.498177E+01  -0.743039E+01  -0.327142E+00   0.171809E+02
  -0.105398E+02  -0.276786E+00   0.772839E+01   0.314955E+01   0.136337E+00  -0.344387E+01   0.960161E+00  -0.632708E+01  -0.905837E+01
  -0.535880E+00   0.332773E+02  -0.357337E+01   0.631944E+01  -0.211604E+01   0.180642E+01   0.118669E+01  -0.917103E+00   0.562579E+01
  -0.229528E+01   0.677621E+00   0.408095E+01  -0.108265E+00   0.631888E+01  -0.127156E+01   0.775248E+00  -0.544825E+00  -0.711587E+01
  -0.766127E+01   0.251725E+02  -0.181656E+02  -0.148564E+02  -0.713431E+00   0.804245E+01  -0.637768E+01  -0.409611E+01   0.537528E+01
   0.687876E+01   0.285809E+02  -0.281626E+01  -0.326250E+01   0.116268E+01  -0.270365E+01   0.484370E+01   0.203505E+01  -0.181671E+01
  -0.212678E+01  -0.209517E+01   0.275848E+01  -0.297781E+02   0.467864E+00  -0.213526E+01  -0.472027E+02   0.456814E+01  -0.682807E+01
  -0.693332E+01  -0.110186E+02   0.225436E+01   0.221363E+02   0.704898E+01   0.622733E+01  -0.232554E+01  -0.140144E+02   0.534042E+00
   0.473116E+01   0.112109E+02  -0.325548E+01   0.224428E+01  -0.461958E+01   0.523744E+00   0.121686E+01  -0.112197E+02  -0.129886E+02
  -0.409734E+00  -0.227016E+00  -0.104194E+01  -0.523852E+01   0.412092E+01   0.271354E+01   0.198510E+00  -0.284847E+01   0.175991E+02
   0.231915E+02   0.150260E+02  -0.433002E+01  -0.290225E+00   0.561359E+01  -0.480196E+01  -0.312874E+01   0.135175E+02  -0.192769E+01
  -0.317678E+01   0.211395E+01  -0.127382E+02   0.334110E+01  -0.376138E+02   0.480447E+02  -0.138688E+02   0.478264E+00   0.180214E-01
  -0.602342E+01   0.523554E+00  -0.533799E+01   0.135797E+02  -0.595188E+01  -0.299475E+01  -0.438664E+01  -0.547419E+00  -0.200736E+01
  -0.104623E+01  -0.350123E+01  -0.155319E+02  -0.447214E-01   0.813152E+00  -0.129104E+02  -0.995935E+00   0.136994E+02   0.167311E+01
   0.955995E+01  -0.294921E+02  -0.576059E+01  -0.112513E+02   0.435266E+02  -0.181176E+01   0.487009E+01   0.479995E+02  -0.505733E+02
   0.706546E+01  -0.478584E+01  -0.364346E+01   0.150640E+01  -0.581783E+00  -0.238118E+01   0.445415E+01  -0.531827E+02   0.397291E+01
   0.302367E+01  -0.131691E+02  -0.958544E+01   0.461880E+01  -0.133189E+02   0.143544E+02   0.161934E+02   0.350649E+02  -0.757985E+00
   0.225406E+02  -0.131698E+02  -0.175801E+02   0.451860E+02  -0.331233E+02  -0.129659E+01   0.136919E+01  -0.323634E+01   0.498299E+02
  -0.678210E+00  -0.349811E+01   0.194309E+01  -0.180316E+02   0.415575E+01  -0.385598E+01  -0.137144E+02  -0.277745E+01   0.715828E+01
   0.187716E+01   0.397544E+01   0.482289E+01  -0.345734E+01  -0.171583E+01  -0.149820E+01  -0.520220E+01  -0.191587E+01   0.208209E+00
   0.860057E+01  -0.559439E+00  -0.940698E+02   0.807227E+01  -0.153212E+02  -0.119350E+02   0.340998E+02   0.317156E+01  -0.207170E+02
  -0.109536E+01   0.697415E+01  -0.559045E+01  -0.732586E+00  -0.119690E+01   0.175078E+02  -0.122802E+02  -0.244757E+01   0.509447E+01
   0.126443E+01  -0.204253E+02  -0.355863E+02   0.317012E+02  -0.768342E-01   0.163365E+01   0.178382E+01  -0.256947E+01  -0.255839E+01
   0.240836E+02   0.348639E+01   0.300413E+00   0.498398E+00  -0.385380E+01   0.222962E+02  -0.610812E+00   0.131590E+02   0.996402E+01
  -0.108827E+02   0.634611E+01  -0.814201E+01   0.294640E+01   0.797537E+01   0.875836E+01  -0.189673E+01  -0.434233E+02  -0.361681E+01
  -0.239531E+00   0.144542E+03  -0.158736E+02  -0.488479E+00  -0.721195E+00  -0.540529E-01   0.402366E+00  -0.351067E+01  -0.569236E+01
  -0.942981E+01  -0.752979E+01   0.969445E+01   0.122910E+02  -0.565851E+01   0.197225E+02  -0.172224E+01  -0.558325E+01  -0.144629E+03
   0.139332E+01   0.379382E+02  -0.262449E+01  -0.278487E+02  -0.659372E+01  -0.700190E-01  -0.195083E+02  -0.831894E+01   0.249716E+02
  -0.219793E+00   0.743969E+01  -0.230106E+01  -0.232058E+02   0.676333E+01  -0.311492E+01  -0.306758E+01   0.286748E+01   0.183495E+00
   0.913056E+01   0.258979E+02  -0.409952E+01   0.939786E+02  -0.325459E+01  -0.270493E+01   0.777110E+01  -0.154448E+01   0.317605E+01
   0.941108E+01   0.271464E+01   0.291338E+01   0.187950E+00  -0.189389E+00   0.155545E+00  -0.620611E+01   0.918973E+01  -0.562501E+01
  -0.980578E+00  -0.205646E+01   0.153474E+01   0.109817E+02   0.163091E+02  -0.542190E+01  -0.477918E+01   0.160956E+01   0.684829E+01
   0.952004E+01  -0.127281E+01  -0.105982E+01   0.118831E+01   0.741343E+00   0.177526E+01   0.601182E+01   0.323414E+01  -0.294072E+01
   0.525140E+01   0.134388E+01  -0.169536E+02  -0.352493E+01   0.569427E+01   0.292272E+01  -0.896985E+01  -0.126449E+02  -0.167603E+01
   0.244022E+01   0.251462E+01  -0.326037E+01  -0.338603E+01   0.386290E+02  -0.597180E+01  -0.743938E+01  -0.973102E+00   0.861277E+00
  -0.703618E+02  -0.227566E+01   0.155117E+02  -0.908430E+01  -0.815507E+00  -0.362383E-01  -0.152612E+01  -0.728069E+01  -0.635266E+01
   0.379461E+01  -0.628236E+02   0.275749E+01   0.320443E+02   0.473645E+00   0.220876E+01  -0.422476E+00  -0.362838E+01  -0.177611E+01
   0.142179E+01  -0.345342E+00   0.642233E+01   0.335923E+01   0.249184E+01  -0.139016E+02  -0.401562E+01   0.798456E+01  -0.535539E+00
   0.168350E+02   0.254606E+01   0.976986E+01  -0.131997E+01   0.134005E+02   0.221005E+01   0.957873E+01  -0.150787E+01  -0.248745E+00
  -0.187604E+01   0.111637E+02  -0.187912E+02  -0.146451E+02  -0.409012E+01  -0.191318E+01  -0.134025E+02  -0.384441E+01   0.956560E+01
  -0.135935E+02  -0.199250E+01  -0.589433E+01   0.179668E+01  -0.790190E+01   0.175911E+01   0.185753E+02  -0.170092E+02  -0.295643E+02
   0.131349E+01   0.945044E+01   0.105840E+01  -0.227891E+00  -0.120592E+02   0.165764E+01  -0.120308E+01   0.212681E+01   0.485384E+01
  -0.660906E+00  -0.112715E+02   0.169646E+01  -0.754159E+00   0.103266E+00   0.101351E+00  -0.673620E+01  -0.261347E+01  -0.218257E+01
  -0.497278E+01   0.585496E+00  -0.262984E+01   0.503114E+01   0.391572E-01   0.648037E+01   0.638738E+01   0.416112E+01  -0.408994E+01
   0.169567E+01  -0.111144E+02  -0.191570E+01   0.129187E+01   0.948419E+00  -0.282192E+01  -0.149166E+02   0.167803E+01   0.699767E+01
   0.198939E+01  -0.196828E+01  -0.692327E+00   0.915419E+01  -0.177828E+01  -0.266120E+01  -0.234391E+01  -0.155774E+02   0.258641E+01
  -0.489751E+01  -0.568453E+01  -0.303334E+00   0.755486E+01   0.722232E+01   0.374421E+01   0.855913E+01   0.270519E+01  -0.566383E+01
  -0.246169E+01  -0.161798E+02  -0.989307E+01  -0.348672E+00   0.130819E+02  -0.374553E+01   0.884233E+01   0.802848E+01  -0.166877E+01
   0.150752E+01   0.554352E+01   0.296875E+00   0.269757E+01   0.839584E+01  -0.737838E+00   0.582711E+01   0.170645E+01   0.463399E+01
   0.191531E+02  -0.443432E+01   0.125816E+01  -0.763211E+00  -0.855724E+01   0.670870E+01   0.223572E+01  -0.154507E+02  -0.570266E+01
  -0.498067E+01   0.133938E+02   0.177712E+02  -0.249747E+01  -0.177683E+01   0.835904E+01  -0.431029E+01  -0.477372E+02  -0.957986E+01
   0.494287E+02   0.257143E+01   0.464807E+01  -0.782819E+01  -0.428219E+01  -0.194322E+01   0.318453E+01  -0.104188E+02  -0.565060E+00
   0.145116E+01  -0.520007E+01  -0.388876E+01   0.114738E+02   0.317145E+02  -0.134917E+02  -0.135641E+01   0.518053E+01  -0.135335E+01
   0.220352E+02  -0.253022E+01   0.194245E+00   0.248866E+01   0.133670E+02  -0.206404E+01  -0.113539E+01   0.805984E+01  -0.475764E+01
  -0.203526E+00  -0.832539E+01  -0.862201E+01   0.696872E+01   0.988064E+00  -0.119528E+02   0.222094E+02  -0.177648E+01  -0.301810E+02
   0.275110E+02  -0.455896E+01   0.127314E+01  -0.336949E+02  -0.252129E+01   0.151016E+01  -0.626204E+01   0.691855E+02  -0.422651E+01
  -0.262388E+01   0.631536E+01   0.483897E+01  -0.105269E+01   0.312803E+01   0.192706E+02  -0.188950E+01   0.182017E+02   0.656218E+01
   0.329636E+01   0.153031E+01   0.499878E+01  -0.418905E+01  -0.432076E+01  -0.780788E+01   0.120457E+02  -0.159867E+00  -0.464716E+02
   0.167364E+02   0.239057E+01  -0.269084E+01  -0.574358E-02  -0.143061E+02  -0.263126E+01  -0.192828E+01   0.491405E+00  -0.127145E+01
   0.567149E+01  -0.227967E+00   0.449685E+01  -0.323141E+01   0.375254E+01   0.373448E+01  -0.341052E+02   0.367533E+02  -0.862055E+01
  -0.414542E+01  -0.538450E+01   0.138898E+02   0.703914E+00  -0.897366E+01   0.658586E+01   0.144432E+02   0.596387E+01   0.227476E+01
   0.200150E+01  -0.398855E+02  -0.426530E+01  -0.224160E+01  -0.121689E+01  -0.281630E+01   0.101004E+02  -0.182211E+02  -0.111676E+02
  -0.430834E+01  -0.433555E+01   0.178435E+02   0.402920E+01  -0.110146E+01  -0.529728E+01  -0.543648E+01   0.140159E+01  -0.364049E+01
   0.438089E+02   0.151987E+02  -0.144012E+02  -0.143907E+02  -0.574149E+01   0.449194E+01   0.172499E+02   0.389586E+01   0.429015E+01
   0.135952E+02   0.192641E+01   0.520335E+01  -0.491551E+01   0.758997E+01  -0.506158E+01  -0.159723E+01   0.220492E+01  -0.956742E+01
   0.401007E+01   0.490095E+01   0.339158E+02   0.130150E+00  -0.571893E+01   0.742246E+01  -0.384067E+02  -0.106715E+01   0.992543E+00
   0.148118E+01   0.383262E+01  -0.120986E+00  -0.160625E+02  -0.245085E+00   0.308547E+01   0.101446E+02   0.206214E+02  -0.693960E+01
  -0.143629E+02   0.119875E+01   0.602206E+01   0.485528E+01  -0.263235E+00   0.313178E+02  -0.535429E+01   0.368197E+01   0.574705E+01
  -0.254322E+01   0.268530E+00  -0.218356E+02  -0.290279E+01   0.166670E+01   0.156492E+01   0.721560E+00   0.742637E+01   0.419242E+02
  -0.452610E+00   0.113774E+02  -0.862963E+00  -0.194353E+02  -0.109188E+01  -0.267385E+01  -0.349039E+02  -0.649901E+01   0.178983E+02
   0.204472E+02   0.668240E+01   0.522586E+01  -0.244565E+02   0.269761E+02   0.265831E+01  -0.571240E+01   0.199424E+01  -0.127301E+01
  -0.122344E+01   0.207606E+01  -0.355510E+01  -0.325739E+02  -0.722498E+01   0.331352E-01  -0.216839E+01   0.110168E+02   0.950366E+01
   0.315240E+01  -0.249075E+01  -0.990445E+01   0.257686E+02  -0.254680E+01   0.816045E+01  -0.186677E+02  -0.633054E+02   0.183379E+02
   0.344728E+02   0.484481E+02   0.369760E+01   0.594634E+01   0.411694E+02  -0.959949E+00   0.338325E+01  -0.376434E+00  -0.732281E+00
   0.163659E+01  -0.180297E+02  -0.116272E+02   0.150359E+01  -0.220262E+01   0.252100E+01  -0.522935E+01   0.660438E+00   0.726091E+00
   0.173837E+00  -0.168106E+00   0.354407E+01  -0.714290E+00   0.116546E+01  -0.554622E+01   0.148298E+01  -0.115161E+02  -0.164463E+02
   0.101589E+01   0.134377E+02  -0.207354E+02  -0.338541E+02   0.183514E+02  -0.144997E+01   0.640905E+01   0.172487E+02  -0.131207E+01
   0.348009E+01  -0.729157E+01   0.103825E+02  -0.125575E+01  -0.744242E+01   0.907345E+00   0.103788E+02   0.170242E+02  -0.174129E+02
  -0.216654E+01  -0.118146E+01   0.778237E-02   0.538973E+00   0.121505E+01  -0.227115E+02   0.655554E+01  -0.789722E+01  -0.580198E+00
  -0.255112E+01  -0.459876E+01   0.201428E+02   0.958872E+01  -0.166571E+01  -0.317290E+02  -0.171460E+02  -0.433994E+01  -0.618162E+01
  -0.225538E+00  -0.221634E+02   0.369835E+00  -0.230731E+02  -0.395215E+01   0.107908E+01   0.364961E+02   0.219076E+02  -0.881086E+01
   0.117052E+01  -0.323029E+00  -0.164911E+01  -0.163201E+01   0.222722E+02  -0.953881E+01  -0.354165E+02  -0.493099E+01   0.219155E+02
   0.787075E-01  -0.770860E+01   0.714385E+01  -0.313410E+01  -0.491870E+02   0.159655E+02   0.997552E+01   0.120121E+01  -0.276504E+02
   0.536656E+01   0.193030E+01  -0.403952E+01   0.233318E+01  -0.190538E+02   0.357682E+01   0.728643E+01   0.231349E+02  -0.754422E+01
   0.247599E+01   0.701650E+01  -0.655472E+01   0.105352E+01  -0.148310E+01   0.173641E+01   0.726478E+01  -0.269674E+02   0.131476E+02
  -0.541464E+01   0.399649E+02   0.892858E+01   0.233899E+01  -0.633859E+00  -0.137275E+01   0.934963E+01  -0.830141E+00  -0.186900E+01
  -0.422566E+00   0.642195E+00  -0.317525E+01   0.129244E+01  -0.171291E+01  -0.488132E+00  -0.149300E+02   0.341827E+01   0.195614E+02
   0.128119E+01  -0.196256E+01   0.436653E+01   0.608012E+01  -0.288193E+01  -0.272506E+02   0.216630E+01  -0.144703E+01   0.308881E+00
  -0.234138E+01   0.610850E+00   0.290079E+01  -0.193178E+01  -0.298418E+01   0.106083E+02  -0.190440E+02   0.173306E+01   0.937172E+00
   0.109465E+02  -0.303389E+01  -0.336496E+00  -0.102337E+02  -0.177120E+01   0.159170E+00   0.183400E+00   0.199347E+01  -0.416769E+01
  -0.235608E+02  -0.112661E+01   0.233762E+02   0.159603E+01  -0.333055E+01   0.297220E+02   0.291345E+01   0.681162E+00  -0.253079E+01
   0.971743E+00   0.251916E+02   0.119183E+01   0.209612E+01   0.266345E+01  -0.759707E+01   0.362338E+02   0.327940E+01  -0.509784E+01
   0.536750E+01  -0.223866E+00   0.606991E+01   0.157082E+01  -0.530594E+00  -0.230366E+01  -0.358393E+01   0.495750E+00   0.185018E+00
  -0.100235E+01   0.297332E+02  -0.806506E+01  -0.542514E+01   0.130776E+01  -0.262691E+02   0.169113E+02   0.179216E+01   0.762112E+00
  -0.805136E+01   0.154300E+01  -0.135230E+02   0.280270E+01  -0.511436E+01  -0.499082E+01  -0.169766E+02  -0.793961E+01  -0.846081E+01
  -0.636333E+00  -0.127306E+01   0.526972E+01  -0.432836E+01   0.108453E+02   0.940386E+01  -0.397802E+01   0.226357E+02  -0.393600E+00
  -0.614738E+01   0.397453E+01  -0.241321E+02   0.138099E+02   0.137046E+02  -0.671596E+00  -0.397855E+02  -0.112977E+02   0.969273E-01
   0.351050E+02   0.477322E+01  -0.147240E+02  -0.363841E+01   0.942720E+01  -0.461187E+01   0.616325E+01  -0.190145E+01   0.199632E+01
  -0.284709E+02   0.100961E+00  -0.271358E+01  -0.240654E+02   0.508267E+00   0.333010E+02   0.254527E+01   0.702076E+00   0.458141E+02
   0.949482E+00  -0.909620E+01  -0.155337E+02   0.129915E+01   0.147493E+02   0.118427E+01  -0.354814E+01   0.106241E+01   0.223717E+01
  -0.187875E+01   0.164389E+02  -0.772372E+01  -0.247613E+00  -0.671824E+01  -0.901576E+01  -0.159140E+00  -0.822117E+00  -0.109144E+01
  -0.922771E+00   0.665162E+01  -0.189887E+01  -0.546455E+00   0.326413E+01  -0.400446E+01  -0.150324E+02  -0.850629E+01   0.156659E+02
  -0.610455E+01  -0.887302E+00   0.150471E+01   0.404490E+01   0.722613E+01  -0.925504E+01   0.735482E+01  -0.196297E+01   0.922675E+01
  -0.509964E+01  -0.506239E+00   0.423564E+01  -0.121922E+02   0.843951E+00  -0.327781E+00  -0.150384E+02   0.704398E+00  -0.543746E+01
  -0.196256E+02  -0.288996E+00   0.103668E+00  -0.278814E+02   0.290493E+01  -0.290120E+01   0.279713E+01   0.470525E+00  -0.291234E+01
   0.900089E+01  -0.489315E+01   0.302138E+00   0.836105E+01   0.209088E+02  -0.348026E+01  -0.364717E+01   0.496586E+01   0.122245E+00
  -0.342850E+01   0.750592E+01  -0.135947E+02  -0.254757E+01  -0.162802E+02   0.232495E+02   0.636946E+01  -0.482584E+01  -0.454002E+00
  -0.369841E+01   0.243155E+01  -0.178984E+00  -0.168565E+02   0.102487E+01  -0.198142E+01  -0.191187E+01   0.294542E+01   0.192121E+01
  -0.179776E+02   0.152115E+02   0.377129E+01   0.192652E+01   0.225313E+01   0.477555E+00  -0.886343E+00  -0.597047E+00  -0.919244E+01
  -0.201455E+01  -0.626937E+00   0.212089E+01   0.242055E+02  -0.125109E+01   0.834454E+00  -0.462353E+02  -0.162252E+02  -0.257565E+00
   0.209758E+01  -0.115919E+02  -0.431765E-01   0.107400E+01   0.142621E+02   0.326443E+01   0.867746E+01  -0.710031E+01  -0.105104E+02
   0.165502E+00   0.169952E+02   0.834428E+01  -0.254085E+02  -0.164713E+02  -0.166439E+01   0.135238E+02   0.157784E+02   0.986875E+01
  -0.513614E+01  -0.404552E+01   0.564959E+01   0.208381E+02   0.132738E+01  -0.755304E+00  -0.132727E+02   0.796140E+01   0.976833E+01
   0.439031E+01   0.351516E+01  -0.481529E+01   0.231269E+01  -0.248930E+02  -0.680736E+01  -0.399676E+01  -0.429034E+01  -0.107967E+01
   0.548705E+00   0.608140E+00   0.871800E+01  -0.126606E+01  -0.176961E+01   0.185255E+01  -0.146777E+01  -0.161903E+01   0.907157E+00
   0.582773E+01  -0.217621E+02   0.131727E+02   0.745743E+00   0.386054E+01   0.352363E+01  -0.347688E+01   0.153636E+02  -0.261538E+01
  -0.729062E+01   0.723436E-01   0.212863E+02  -0.339858E+01   0.877556E+00   0.808812E+00   0.348789E+02   0.144432E+02  -0.129303E+01
   0.190431E+00  -0.132162E+01  -0.381902E+01   0.955513E+01  -0.371023E+02  -0.634567E+00   0.241978E+01  -0.322981E+02  -0.347528E+01
   0.192072E+01  -0.542412E+01  -0.161620E+01  -0.559824E+01  -0.234289E+02  -0.148125E+02   0.387777E+00   0.402038E+01   0.418724E+02
  -0.141915E+01  -0.941280E+00  -0.144335E+02   0.572672E+01  -0.144479E+02   0.324638E+01   0.201401E+01  -0.181479E+01   0.134490E+02
  -0.162358E+02   0.746780E+01   0.167776E+01  -0.182192E+02  -0.914421E+01   0.151982E+02   0.149942E+01  -0.385195E+02  -0.273610E+01
   0.494590E+01  -0.331265E+02  -0.453584E+02  -0.312716E+01   0.476819E+00  -0.424110E+00   0.806802E+00   0.151240E+01  -0.421214E+01
   0.239039E+01  -0.647052E+01   0.264585E+01   0.174678E+02  -0.188211E+01  -0.316081E+02   0.190903E+02   0.637692E+01   0.214833E+01
  -0.246050E+01  -0.170958E+02  -0.349271E+01  -0.117734E+02   0.458244E+01  -0.173658E+01  -0.156415E+02  -0.149292E+02   0.214528E+01
  -0.236409E+01  -0.160979E+01   0.127687E+01   0.747193E+01   0.298158E+02  -0.254013E+01  -0.240327E+01   0.210504E+01   0.213031E+02
  -0.965464E-01   0.745438E-02   0.812010E+01  -0.836948E+00  -0.956991E+01  -0.126832E+02   0.120496E+02   0.203683E+01  -0.270174E+02
   0.217781E+02   0.383894E+01   0.229202E+01   0.218414E+01  -0.180019E+01  -0.773113E+01   0.335956E+01   0.527072E+01  -0.169723E+02
  -0.182209E+00   0.328144E+01   0.110104E+02  -0.623361E+01  -0.719652E+01  -0.401249E+01  -0.541086E+01  -0.593373E+01  -0.156928E+02
   0.558395E+00  -0.142293E+00   0.138537E+02   0.954325E+01   0.669624E+01  -0.355755E+02   0.199177E+02  -0.660702E+01   0.241121E+01
   0.136179E+02   0.306708E+01   0.465028E+01  -0.670316E+00  -0.518391E+01  -0.658130E+01   0.122781E+02   0.464467E+01  -0.134488E+01
  -0.483137E+01  -0.170921E+01  -0.449016E+01   0.555125E+01   0.451509E+00   0.299395E+00   0.309758E+01  -0.288202E+01  -0.104827E+02
  -0.232797E+01   0.230293E+02  -0.110863E+01  -0.402892E+02   0.352282E+02  -0.694482E+01   0.272783E+01   0.356686E+02  -0.449414E+02
   0.347748E+02  -0.411599E+00   0.751861E+02  -0.685904E+01  -0.205322E+01   0.934969E+01   0.255982E+01  -0.164631E+02   0.387718E+01
   0.219193E+02  -0.141254E+01  -0.131466E+02  -0.426111E+02  -0.142462E+02   0.667168E+00   0.170114E+01   0.271267E+01   0.809788E+00
   0.122065E+01   0.172536E+02   0.250763E+02  -0.559042E+01   0.614479E+01  -0.312423E+02   0.419743E+01   0.254390E+01   0.290707E+02
   0.160063E+02  -0.161398E+02   0.523061E+01  -0.575722E+01  -0.219991E+01   0.703272E+00  -0.107594E+02  -0.139792E+01   0.527172E+01
   0.110337E+02  -0.120590E+01  -0.113114E+03  -0.137025E+02  -0.116280E+02  -0.112876E+01  -0.182886E+01   0.170202E-01   0.226709E+00
  -0.904462E+01   0.121680E+02  -0.261220E+01   0.614687E+00   0.269635E+02  -0.263514E+01  -0.108896E+01  -0.547443E+01   0.142767E+01
   0.107155E+03  -0.140670E+01  -0.158618E+02  -0.322984E+01   0.128667E+02   0.960061E+01  -0.368388E+01   0.952067E+01   0.362583E+01
  -0.322048E+02   0.101997E+01  -0.637052E+01   0.425783E+02   0.292592E+01   0.643671E+01   0.328288E+02   0.486218E+01  -0.222864E+01
  -0.228622E+01   0.987591E+01  -0.174410E+01  -0.233989E+01   0.449896E+02   0.159568E+02   0.872036E+01  -0.405139E+01  -0.112004E+01
  -0.804603E+01  -0.394765E+01  -0.159271E+02  -0.264162E+01  -0.240323E+00  -0.723835E+00   0.167194E+01  -0.904631E+00  -0.844638E+01
  -0.550992E+01  -0.151196E+01  -0.172390E+02  -0.311869E+01  -0.217607E+02   0.117565E+02   0.588005E+01  -0.359952E+01  -0.315011E+02
  -0.894922E-01   0.245847E+02  -0.210814E+01  -0.165498E+01  -0.228874E+00   0.103426E+01  -0.140286E+01  -0.180338E+01   0.315657E+01
  -0.652321E+00   0.500234E+01  -0.405384E+01   0.132466E+02  -0.449201E+01   0.186781E+02   0.222981E+01  -0.631695E+01  -0.277181E+01
  -0.332441E+00   0.344965E+01   0.193598E+01   0.774974E+01   0.919629E+01   0.296845E+02  -0.385639E+01  -0.133742E+02   0.257083E+01
  -0.119477E+01  -0.702405E+02  -0.553011E+00   0.280170E+01  -0.128566E+01   0.180514E+01   0.410921E+01  -0.134514E+00   0.490925E+01
  -0.312779E+02   0.517911E+01   0.111401E+02   0.257954E+01  -0.423832E+02  -0.248640E+01  -0.212913E+01   0.232887E+01   0.318842E+01
  -0.313117E+01  -0.654701E+00   0.968217E+00  -0.427313E+01   0.142343E+01   0.460159E+01  -0.575905E+01   0.134360E+02   0.118137E+02
   0.127331E+01  -0.800317E+01  -0.129721E+01  -0.338590E+02  -0.133697E+01   0.582528E+01  -0.257579E+01   0.406959E-01  -0.789852E+00
  -0.625120E+01   0.855165E+00  -0.538683E+02  -0.134345E+02   0.856390E+01  -0.162587E+02  -0.148900E+01  -0.476093E+01  -0.264390E+01
  -0.176449E+02  -0.484255E+01  -0.218240E+01   0.199965E+02   0.252824E+01   0.666635E+01  -0.258803E+01  -0.169891E+02   0.636874E+01
  -0.562374E+02  -0.660058E+01   0.709365E+01   0.186357E+02  -0.103761E+01   0.287469E+02   0.261306E+01  -0.142783E+01   0.100978E+02
  -0.446048E+01   0.621627E+01  -0.763016E+01  -0.596940E+00  -0.166751E+01   0.418821E+01  -0.205523E+01  -0.999330E+01  -0.236203E+02
   0.701189E-01   0.715500E+01   0.210683E+00   0.783972E+00   0.111434E+01   0.268498E+01  -0.244609E+01   0.860039E+01   0.106811E+01
  -0.849831E+01  -0.636309E+01   0.912041E+01   0.476116E+01  -0.252742E+01   0.337417E+01  -0.896311E+01  -0.221113E+01   0.158840E+01
   0.298755E+02   0.103817E+01  -0.173899E+01   0.103930E+01   0.863480E+01   0.492361E+00   0.363185E+01   0.104455E+01   0.206364E+01
  -0.301641E+00  -0.267180E+01  -0.652554E+01  -0.155897E+02   0.797193E+01  -0.107489E+02  -0.181771E+01  -0.197936E+01  -0.143838E+01
  -0.978162E+01  -0.565092E+01  -0.812940E+01   0.129570E+02   0.578928E+01   0.433513E+01  -0.600515E+00  -0.137478E+02  -0.337782E+01
  -0.988580E+00   0.354302E+01   0.428186E+01   0.171108E+01  -0.552563E+01  -0.620122E+01   0.198755E+02   0.108650E+02  -0.147524E+02
  -0.512431E+01  -0.157306E+02  -0.285623E+01   0.170317E+01   0.887534E+00   0.741480E+01  -0.123851E+02  -0.227225E+01  -0.212026E+01
  -0.156537E+02  -0.195809E+02   0.890472E+00   0.799314E+01   0.465492E+01  -0.735844E-01   0.150903E+02   0.686308E+00   0.376164E+02
   0.218855E+02  -0.130054E+02  -0.180667E+02   0.842925E+01   0.110856E+02   0.324812E+02  -0.187024E+00   0.795559E+00  -0.176765E+02
   0.678359E+01   0.725679E+01  -0.591829E+01  -0.615253E+01   0.230702E+02   0.507600E+02  -0.881742E+01  -0.593670E+00   0.405040E+01
  -0.496601E+00  -0.126068E+02   0.154587E+02   0.142325E+01   0.107013E+02  -0.909410E+01  -0.115551E+01  -0.334753E+01   0.222102E+02
   0.156916E+01   0.360121E+01  -0.854310E+01  -0.209626E+02   0.656994E+00  -0.578603E+01  -0.228916E+01   0.225837E+01  -0.511703E+01
   0.419453E+01  -0.184634E+02   0.161309E+02  -0.786766E+01   0.401750E+01  -0.202092E+01   0.308044E+02   0.201382E+02   0.750392E+02
   0.100000E+02   0.100000E+04   0.500000E+01  -0.167548E+02   0.100527E+03  -0.703661E+03   0.100000E-03
   0.952098E+03  -0.720028E+03  -0.167213E+04   0.117149E+04  -0.703693E+03
